# camera_X camera_Y camera_Z  base_X base_Y base_Z
0.1913219614086048 -0.08468476130319387 0.6595463752746582 -0.05 -0.35 0.25
0.08113196089342574 -0.24678408957002512 0.7052348256111145 -0.15 -0.45 0.35
0.28870322339534976 0.18286632017075274 0.5862356424331665 -0.1 0.2 0.28
0.1448732471934847 0.2675824530245985 0.5041767358779907 -0.1 -0.3 0.28
0.16925235220821774 -0.06647997575124154 0.657900333404541 -0.06 -0.2 0.4
0.35099573043621546 0.05476645235031652 0.5554138422012329 0.0 -0.28 0.35
# Transformación resultante
translation: 0.14357453008861137 -0.3435530624813768 -0.2770842780037013
rotation_rpy: -0.3265106273982708 -0.5518286906126575 0.5587492423843813
